1024 480 8 0.125
0 8 8 251 354 11 42 354 335 0
1 520 8 251 354 11 42 354 335 0
2 1032 8 251 354 11 42 354 335 0
3 1544 8 251 354 11 42 354 335 0
4 2056 8 251 354 11 42 354 335 0
5 2568 8 251 354 11 42 354 335 0
6 3080 8 251 354 11 42 354 335 0
7 3592 8 251 354 11 42 354 335 0
8 4104 8 251 354 11 42 354 335 0
9 4616 8 251 354 11 42 354 335 0
10 5128 8 251 354 11 42 354 335 0
11 5640 8 251 354 11 42 354 335 0
12 6152 8 251 354 11 42 354 335 0
13 6664 8 251 354 11 42 354 335 0
14 7176 8 251 354 11 42 354 335 0
15 7688 8 251 354 11 42 354 335 0
16 8 520 251 354 11 42 354 335 0
17 520 520 251 354 11 42 354 335 0
18 1032 520 251 354 11 42 354 335 0
19 1544 520 251 354 11 42 354 335 0
20 2056 520 251 354 11 42 354 335 0
21 2568 520 251 354 11 42 354 335 0
22 3080 520 251 354 11 42 354 335 0
23 3592 520 251 354 11 42 354 335 0
24 4104 520 251 354 11 42 354 335 0
25 4616 520 251 354 11 42 354 335 0
26 5128 520 251 354 11 42 354 335 0
27 5640 520 251 354 11 42 354 335 0
28 6152 520 251 354 11 42 354 335 0
29 6664 520 251 354 11 42 354 335 0
30 7176 520 251 354 11 42 354 335 0
31 7688 520 251 354 11 42 354 335 0
32 8 1032 1 1 11 0 1 142 0
33 520 1032 60 368 11 45 363 150 0
34 1032 1032 112 113 11 49 363 209 0
35 1544 1032 286 332 11 8 363 306 0
36 2056 1032 211 462 11 40 409 281 0
37 2568 1032 388 375 11 20 369 427 0
38 3080 1032 379 375 11 29 369 418 0
39 3592 1032 47 113 11 38 363 123 0
40 4104 1032 119 446 11 36 363 160 0
41 4616 1032 120 446 11 5 363 160 0
42 5128 1032 180 180 11 19 363 218 0
43 5640 1032 239 238 11 60 270 356 0
44 6152 1032 73 125 11 11 58 116 0
45 6664 1032 138 36 11 37 161 208 0
46 7176 1032 60 60 11 28 54 116 0
47 7688 1032 217 423 11 -8 363 205 0
48 8 1544 239 375 11 21 369 281 0
49 520 1544 210 371 11 42 371 281 0
50 1032 1544 224 369 11 25 369 281 0
51 1544 1544 213 375 11 33 369 281 0
52 2056 1544 261 363 11 4 363 281 0
53 2568 1544 206 369 11 42 363 281 0
54 3080 1544 233 375 11 28 369 281 0
55 3592 1544 236 363 11 22 363 281 0
56 4104 1544 232 375 11 25 369 281 0
57 4616 1544 233 375 11 23 369 281 0
58 5128 1544 60 271 11 28 265 116 0
59 5640 1544 79 332 11 9 265 116 0
60 6152 1544 220 248 11 68 278 356 0
61 6664 1544 239 144 11 59 223 356 0
62 7176 1544 220 248 11 68 279 356 0
63 7688 1544 178 374 11 31 369 232 0
64 8 2056 412 417 11 42 369 495 0
65 520 2056 327 363 11 5 363 338 0
66 1032 2056 229 363 11 47 363 301 0
67 1544 2056 272 375 11 23 369 321 0
68 2056 2056 296 363 11 47 363 366 0
69 2568 2056 195 363 11 47 363 264 0
70 3080 2056 187 363 11 47 363 255 0
71 3592 2056 298 375 11 23 369 357 0
72 4104 2056 277 363 11 47 363 371 0
73 4616 2056 117 363 11 12 363 141 0
74 5128 2056 141 369 11 5 363 190 0
75 5640 2056 258 363 11 47 363 305 0
76 6152 2056 191 363 11 47 363 246 0
77 6664 2056 375 363 11 47 363 469 0
78 7176 2056 297 363 11 47 363 390 0
79 7688 2056 344 375 11 23 369 391 0
80 8 2568 227 363 11 47 363 294 0
81 520 2568 356 468 11 23 369 391 0
82 1032 2568 264 363 11 47 363 313 0
83 1544 2568 223 375 11 30 369 277 0
84 2056 2568 256 363 11 10 363 275 0
85 2568 2568 274 369 11 42 363 358 0
86 3080 2568 317 363 11 4 363 325 0
87 3592 2568 476 363 11 6 363 488 0
88 4104 2568 297 363 11 6 363 310 0
89 4616 2568 283 363 11 4 363 290 0
90 5128 2568 278 363 11 9 363 298 0
91 5640 2568 96 446 11 51 363 160 0
92 6152 2568 213 424 11 -6 363 200 0
93 6664 2568 96 446 11 13 363 160 0
94 7176 2568 242 212 11 57 369 356 0
95 7688 2568 215 30 11 0 -45 215 0
96 8 3080 103 83 11 20 390 142 0
97 520 3080 209 271 11 22 265 265 0
98 1032 3080 242 389 11 41 383 307 0
99 1544 3080 196 271 11 24 265 241 0
100 2056 3080 242 389 11 24 383 307 0
101 2568 3080 228 271 11 24 265 272 0
102 3080 3080 161 389 11 13 389 166 0
103 3592 3080 242 388 11 24 265 307 0
104 4104 3080 220 383 11 41 383 296 0
105 4616 3080 57 379 11 35 379 128 0
106 5128 3080 141 502 11 -48 379 128 0
107 5640 3080 220 383 11 41 383 261 0
108 6152 3080 46 383 11 41 383 128 0
109 6664 3080 373 265 11 41 265 450 0
110 7176 3080 220 265 11 41 265 296 0
111 7688 3080 258 271 11 24 265 305 0
112 8 3592 242 384 11 41 265 307 0
113 520 3592 242 384 11 24 265 307 0
114 1032 3592 139 264 11 41 264 183 0
115 1544 3592 175 271 11 27 265 222 0
116 2056 3592 156 342 11 10 336 179 0
117 2568 3592 219 265 11 36 259 296 0
118 3080 3592 247 259 11 3 259 252 0
119 3592 3592 367 259 11 6 259 379 0
120 4104 3592 231 259 11 6 259 243 0
121 4616 3592 249 382 11 3 259 254 0
122 5128 3592 216 259 11 8 259 236 0
123 5640 3592 119 446 11 24 363 160 0
124 6152 3592 40 519 11 45 396 129 0
125 6664 3592 120 446 11 17 363 160 0
126 7176 3592 251 80 11 53 190 356 0
127 7688 3592 1 1 11 0 1 142 0
128 8 4104 251 354 11 42 354 335 0
129 520 4104 251 354 11 42 354 335 0
130 1032 4104 251 354 11 42 354 335 0
131 1544 4104 251 354 11 42 354 335 0
132 2056 4104 251 354 11 42 354 335 0
133 2568 4104 251 354 11 42 354 335 0
134 3080 4104 251 354 11 42 354 335 0
135 3592 4104 251 354 11 42 354 335 0
136 4104 4104 251 354 11 42 354 335 0
137 4616 4104 251 354 11 42 354 335 0
138 5128 4104 251 354 11 42 354 335 0
139 5640 4104 251 354 11 42 354 335 0
140 6152 4104 251 354 11 42 354 335 0
141 6664 4104 251 354 11 42 354 335 0
142 7176 4104 251 354 11 42 354 335 0
143 7688 4104 251 354 11 42 354 335 0
144 8 4616 251 354 11 42 354 335 0
145 520 4616 251 354 11 42 354 335 0
146 1032 4616 251 354 11 42 354 335 0
147 1544 4616 251 354 11 42 354 335 0
148 2056 4616 251 354 11 42 354 335 0
149 2568 4616 251 354 11 42 354 335 0
150 3080 4616 251 354 11 42 354 335 0
151 3592 4616 251 354 11 42 354 335 0
152 4104 4616 251 354 11 42 354 335 0
153 4616 4616 251 354 11 42 354 335 0
154 5128 4616 251 354 11 42 354 335 0
155 5640 4616 251 354 11 42 354 335 0
156 6152 4616 251 354 11 42 354 335 0
157 6664 4616 251 354 11 42 354 335 0
158 7176 4616 251 354 11 42 354 335 0
159 7688 4616 251 354 11 42 354 335 0
160 8 5128 1 1 11 0 1 142 0
161 520 5128 60 368 11 45 265 150 0
162 1032 5128 197 370 11 46 355 281 0
163 1544 5128 229 369 11 28 369 281 0
164 2056 5128 238 237 11 25 303 288 0
165 2568 5128 250 363 11 16 363 281 0
166 3080 5128 40 518 11 45 395 129 0
167 3592 5128 175 394 11 33 377 234 0
168 4104 5128 154 53 11 30 360 218 0
169 4616 5128 380 379 11 40 371 461 0
170 5128 5128 155 193 11 21 369 204 0
171 5640 5128 223 172 11 22 223 267 0
172 6152 5128 239 144 11 59 208 356 0
173 6664 5128 138 36 11 37 161 208 0
174 7176 5128 380 379 11 40 371 461 0
175 7688 5128 215 30 11 0 383 215 0
176 8 5640 139 139 11 28 367 196 0
177 520 5640 240 304 11 59 304 356 0
178 1032 5640 142 221 11 27 369 192 0
179 1544 5640 136 227 11 32 369 192 0
180 2056 5640 102 83 11 32 390 147 0
181 2568 5640 253 378 11 41 259 302 0
182 3080 5640 192 363 11 21 363 240 0
183 3592 5640 60 60 11 28 188 116 0
184 4104 5640 89 111 11 12 0 107 0
185 4616 5640 131 221 11 33 369 185 0
186 5128 5640 187 193 11 19 369 225 0
187 5640 5640 224 172 11 22 223 267 0
188 6152 5640 402 369 11 33 369 473 0
189 6664 5640 412 369 11 33 369 482 0
190 7176 5640 404 369 11 32 369 473 0
191 7688 5640 177 374 11 34 265 232 0
192 8 6152 327 478 11 5 478 338 0
193 520 6152 327 478 11 5 478 338 0
194 1032 6152 327 479 11 5 479 338 0
195 1544 6152 327 458 11 5 458 338 0
196 2056 6152 327 448 11 5 448 338 0
197 2568 6152 328 442 11 5 442 338 0
198 3080 6152 425 363 11 2 363 450 0
199 3592 6152 273 479 11 23 369 321 0
200 4104 6152 195 478 11 47 478 264 0
201 4616 6152 195 478 11 47 478 264 0
202 5128 6152 195 479 11 47 479 264 0
203 5640 6152 195 448 11 47 448 264 0
204 6152 6152 123 478 11 6 478 141 0
205 6664 6152 121 478 11 12 478 141 0
206 7176 6152 147 479 11 -1 479 141 0
207 7688 6152 154 448 11 -5 448 141 0
208 8 6664 337 363 11 6 363 366 0
209 520 6664 297 458 11 47 458 390 0
210 1032 6664 344 484 11 23 478 391 0
211 1544 6664 344 484 11 23 478 391 0
212 2056 6664 344 485 11 23 479 391 0
213 2568 6664 344 464 11 23 458 391 0
214 3080 6664 344 453 11 23 447 391 0
215 3592 6664 222 222 11 67 262 356 0
216 4104 6664 345 390 11 23 377 391 0
217 4616 6664 274 484 11 42 478 358 0
218 5128 6664 274 484 11 42 478 358 0
219 5640 6664 274 485 11 42 479 358 0
220 6152 6664 274 454 11 42 448 358 0
221 6664 6664 283 478 11 4 478 290 0
222 7176 6664 227 363 11 47 363 294 0
223 7688 6664 228 395 11 41 389 287 0
224 8 7176 209 396 11 22 390 265 0
225 520 7176 209 396 11 22 390 265 0
226 1032 7176 209 397 11 22 391 265 0
227 1544 7176 209 377 11 22 371 265 0
228 2056 7176 209 366 11 22 360 265 0
229 2568 7176 209 404 11 22 398 265 0
230 3080 7176 389 271 11 22 265 431 0
231 3592 7176 196 376 11 24 265 241 0
232 4104 7176 228 396 11 24 390 272 0
233 4616 7176 228 396 11 24 390 272 0
234 5128 7176 228 397 11 24 391 272 0
235 5640 7176 228 366 11 24 360 272 0
236 6152 7176 103 390 11 2 390 128 0
237 6664 7176 102 390 11 23 390 128 0
238 7176 7176 147 391 11 -11 391 128 0
239 7688 7176 154 360 11 -15 360 128 0
240 8 7688 244 393 11 24 387 292 0
241 520 7688 220 371 11 41 371 296 0
242 1032 7688 258 396 11 24 390 305 0
243 1544 7688 258 396 11 24 390 305 0
244 2056 7688 258 397 11 24 391 305 0
245 2568 7688 258 377 11 24 371 305 0
246 3080 7688 258 366 11 24 360 305 0
247 3592 7688 239 247 11 59 275 356 0
248 4104 7688 286 305 11 13 284 305 0
249 4616 7688 219 396 11 36 390 296 0
250 5128 7688 219 396 11 36 390 296 0
251 5640 7688 219 397 11 36 391 296 0
252 6152 7688 219 366 11 36 360 296 0
253 6664 7688 249 513 11 3 390 254 0
254 7176 7688 242 502 11 41 383 307 0
255 7688 7688 249 483 11 3 360 254 0
